Valor minimo: 0
Valor maximo: 5
Matriz sin normalizar 
0.817 4.612 4.488 1.314 2.96 4.479 0.03 4.365 3.481 1.302 1.083 - 0.345 3.4 4.248 2.752 3.28 0.331 - 4.192 - 0.276 1.571 0.325 1.325 
3.308 4.717 1.194 1.021 - 4.402 1.496 3.312 3.087 2.654 3.483 4.746 2.796 0.251 2.707 2.264 2.434 3.258 0.42 3.331 3.178 - 3.966 1.257 2.844 
1.821 1.27 3.598 3.148 4.252 4.392 4.401 0.563 0.576 4.906 2.427 3.112 3.207 2.352 2.169 2.445 4.854 0.887 2.068 3.149 4.573 0.612 - 1.224 4.779 
- 4.438 3.795 3.182 4.228 1.99 4.016 4.785 - 4.846 4.265 0.286 0.027 1.184 2.465 4.499 1.4 0.76 0.416 2.016 2.929 3.858 1.505 1.338 0.47 
0.745 3.37 3.161 2.226 0.093 2.676 1.556 2.692 4.112 - 0.677 1.666 2.722 1.755 1.913 3.179 0.482 3.09 4.482 4.905 1.102 3.11 - 2.488 3.431 
1.029 3.955 3.38 3.112 1.909 0.861 0.325 0.439 3.962 1.468 3.225 1.576 - 4.638 2.11 - 2.286 2.822 0.995 4.053 1.99 0.264 4.695 0.623 0.093 
3.382 4.707 3.983 - 2.839 3.885 0.071 3.028 - 0.552 4.144 4.405 2.946 3.922 4.991 2.844 1.952 2.701 4.955 3.552 - 1.539 2.734 - 3.058 
0.97 4.336 - 4.465 3.686 1.824 2.207 1.236 1.945 4.77 1.253 4.387 0.519 - 4.725 4.398 2.248 - 0.053 0.42 0.36 4.077 - - 4.037 
1.442 0.057 1.376 2.513 4.237 3.603 2.345 3.406 1.726 4.744 3.277 4.496 4.603 1.837 2.595 1.091 4.217 1.545 4.899 1.314 0.227 0.134 4.661 2.89 1.961 
3.677 1.18 2.994 2.593 4.034 2.119 4.179 0.499 4.041 3.824 4.279 0.454 3.606 3.926 2.431 1.462 1.057 1.158 4.679 2.647 4.514 2.531 4.003 1.762 0.334 

Matriz normalizada 
0.1634 0.9224 0.8976000000000001 0.26280000000000003 0.592 0.8958 0.006 0.873 0.6961999999999999 0.2604 0.2166 - 0.06899999999999999 0.6799999999999999 0.8496 0.5504 0.6559999999999999 0.06620000000000001 - 0.8384 - 0.055200000000000006 0.3142 0.065 0.265 
0.6616 0.9433999999999999 0.23879999999999998 0.2042 - 0.8804000000000001 0.2992 0.6624 0.6174000000000001 0.5307999999999999 0.6966 0.9492 0.5591999999999999 0.0502 0.5414 0.4528 0.4868 0.6516 0.08399999999999999 0.6662 0.6355999999999999 - 0.7932 0.25139999999999996 0.5688 
0.36419999999999997 0.254 0.7196 0.6296 0.8503999999999999 0.8784000000000001 0.8802 0.11259999999999999 0.1152 0.9812 0.4854 0.6224000000000001 0.6414 0.4704 0.4338 0.489 0.9708 0.1774 0.4136 0.6298 0.9146000000000001 0.1224 - 0.2448 0.9558 
- 0.8876 0.759 0.6364 0.8455999999999999 0.398 0.8032 0.9570000000000001 - 0.9692000000000001 0.853 0.057199999999999994 0.0054 0.23679999999999998 0.493 0.8997999999999999 0.27999999999999997 0.152 0.0832 0.4032 0.5858 0.7716000000000001 0.301 0.2676 0.094 
0.149 0.674 0.6322 0.4452 0.0186 0.5352 0.31120000000000003 0.5384 0.8224 - 0.13540000000000002 0.3332 0.5444 0.351 0.3826 0.6357999999999999 0.0964 0.618 0.8964000000000001 0.9810000000000001 0.2204 0.622 - 0.4976 0.6862 
0.20579999999999998 0.791 0.6759999999999999 0.6224000000000001 0.38180000000000003 0.1722 0.065 0.0878 0.7924 0.29359999999999997 0.645 0.31520000000000004 - 0.9276 0.422 - 0.4572 0.5644 0.199 0.8106 0.398 0.0528 0.9390000000000001 0.1246 0.0186 
0.6764 0.9414 0.7966 - 0.5678 0.7769999999999999 0.014199999999999999 0.6056 - 0.11040000000000001 0.8288 0.881 0.5892000000000001 0.7844 0.9982 0.5688 0.39039999999999997 0.5402 0.991 0.7104 - 0.30779999999999996 0.5468 - 0.6115999999999999 
0.194 0.8672000000000001 - 0.893 0.7372 0.3648 0.44139999999999996 0.2472 0.389 0.954 0.2506 0.8774 0.1038 - 0.945 0.8795999999999999 0.44960000000000006 - 0.0106 0.08399999999999999 0.072 0.8154 - - 0.8074 
0.2884 0.0114 0.2752 0.5025999999999999 0.8474 0.7206 0.46900000000000003 0.6812 0.3452 0.9488 0.6554 0.8992000000000001 0.9206 0.3674 0.519 0.2182 0.8433999999999999 0.309 0.9798 0.26280000000000003 0.0454 0.0268 0.9321999999999999 0.5780000000000001 0.3922 
0.7354 0.236 0.5988 0.5186 0.8068 0.42380000000000007 0.8358000000000001 0.0998 0.8082 0.7647999999999999 0.8558 0.0908 0.7212 0.7852 0.4862 0.2924 0.21139999999999998 0.23159999999999997 0.9358000000000001 0.5294 0.9028 0.5062 0.8006 0.3524 0.0668 

Fila principal a comparar: 0.1634,0.9224,0.8976000000000001,0.26280000000000003,0.592,0.8958,0.006,0.873,0.6961999999999999,0.2604,0.2166,-,0.06899999999999999,0.6799999999999999,0.8496,0.5504,0.6559999999999999,0.06620000000000001,-,0.8384,-,0.055200000000000006,0.3142,0.065,0.265
Fila: 0

Similitudes Euclidea 1.620274396514368,2.051692013924117,1.8421847790056243,1.6539267698420022,1.6020167539698205,1.2691971005324585,1.8613151372080978,2.1347630126081913,2.16825830564534

Vecinos seleccionados (número de fila): 9, 8

Prediccion: 0.4918536531789459

Vecinos seleccionados (número de fila): 9, 8

Prediccion: 0.9576287490597152

Vecinos seleccionados (número de fila): 9, 8

Prediccion: 0.47743705809546255

Fila principal a comparar: 0.6616,0.9433999999999999,0.23879999999999998,0.2042,-,0.8804000000000001,0.2992,0.6624,0.6174000000000001,0.5307999999999999,0.6966,0.9492,0.5591999999999999,0.0502,0.5414,0.4528,0.4868,0.6516,0.08399999999999999,0.6662,0.6355999999999999,-,0.7932,0.25139999999999996,0.5688
Fila: 1

Similitudes Euclidea 1.9033385164825787,1.793074465826782,1.8498629462746696,1.6517013773681974,1.7883615629955816,1.5087389303653564,1.6927600066164135,1.846079619084724,2.0799107480851196

Vecinos seleccionados (número de fila): 9, 0

Prediccion: 0.7041609015691793

Vecinos seleccionados (número de fila): 9, 0

Prediccion: 0.2906961201475786

Fila principal a comparar: 0.36419999999999997,0.254,0.7196,0.6296,0.8503999999999999,0.8784000000000001,0.8802,0.11259999999999999,0.1152,0.9812,0.4854,0.6224000000000001,0.6414,0.4704,0.4338,0.489,0.9708,0.1774,0.4136,0.6298,0.9146000000000001,0.1224,-,0.2448,0.9558
Fila: 2

Similitudes Euclidea 2.171073740398154,1.806882812460893,2.085664603909267,2.1251940146725423,2.1485108517296347,1.9974019725633596,1.9505373413498137,1.6751952960774457,1.811408545855959

Vecinos seleccionados (número de fila): 0, 5

Prediccion: 0.624968211972769

Fila principal a comparar: -,0.8876,0.759,0.6364,0.8455999999999999,0.398,0.8032,0.9570000000000001,-,0.9692000000000001,0.853,0.057199999999999994,0.0054,0.23679999999999998,0.493,0.8997999999999999,0.27999999999999997,0.152,0.0832,0.4032,0.5858,0.7716000000000001,0.301,0.2676,0.094
Fila: 3

Similitudes Euclidea 2.08780667749247,1.91657676084785,2.1106757786000276,2.000096547669637,1.999361888203334,2.240126933903523,1.6955350895808672,2.4445786549014943,1.899871311431382

Vecinos seleccionados (número de fila): 8, 6

Prediccion: 0.4739333774723453

Vecinos seleccionados (número de fila): 8

Prediccion: 0.3452

Fila principal a comparar: 0.149,0.674,0.6322,0.4452,0.0186,0.5352,0.31120000000000003,0.5384,0.8224,-,0.13540000000000002,0.3332,0.5444,0.351,0.3826,0.6357999999999999,0.0964,0.618,0.8964000000000001,0.9810000000000001,0.2204,0.622,-,0.4976,0.6862
Fila: 4

Similitudes Euclidea 1.6823976196526234,1.8187560173276718,2.1251940146725423,2.081751123404425,1.6617187848730604,1.5692756673064168,1.9344986223825542,2.0403678883966,1.9549117729452652

Vecinos seleccionados (número de fila): 2, 3

Prediccion: 0.975261958817872

Vecinos seleccionados (número de fila): 2, 3

Prediccion: 0.46465682993988633

Fila principal a comparar: 0.20579999999999998,0.791,0.6759999999999999,0.6224000000000001,0.38180000000000003,0.1722,0.065,0.0878,0.7924,0.29359999999999997,0.645,0.31520000000000004,-,0.9276,0.422,-,0.4572,0.5644,0.199,0.8106,0.398,0.0528,0.9390000000000001,0.1246,0.0186
Fila: 5

Similitudes Euclidea 1.783113013322554,1.832688788322165,2.1713394124115144,2.066236024299917,1.8576796788149716,1.6978042172170502,1.9045231109125456,2.170354754412283,1.7640284918333944

Vecinos seleccionados (número de fila): 2, 8

Prediccion: 0.7809683399494732

Vecinos seleccionados (número de fila): 2, 8

Prediccion: 0.35363070752751646

Fila principal a comparar: 0.6764,0.9414,0.7966,-,0.5678,0.7769999999999999,0.014199999999999999,0.6056,-,0.11040000000000001,0.8288,0.881,0.5892000000000001,0.7844,0.9982,0.5688,0.39039999999999997,0.5402,0.991,0.7104,-,0.30779999999999996,0.5468,-,0.6115999999999999
Fila: 6

Similitudes Euclidea 1.3279344108929068,1.5149851478423033,1.9989309416192995,2.2492579694729895,1.7937000385231114,1.7220952588721932,1.944700840746463,1.919782008458252,1.9041910303328289

Vecinos seleccionados (número de fila): 3, 2

Prediccion: 0.6332003469978655

Vecinos seleccionados (número de fila): 3, 2

Prediccion: 0.2369764425748601

Vecinos seleccionados (número de fila): 3, 2

Prediccion: 0.7405126333973306

Vecinos seleccionados (número de fila): 3, 2

Prediccion: 0.2568717516987253

Fila principal a comparar: 0.194,0.8672000000000001,-,0.893,0.7372,0.3648,0.44139999999999996,0.2472,0.389,0.954,0.2506,0.8774,0.1038,-,0.945,0.8795999999999999,0.44960000000000006,-,0.0106,0.08399999999999999,0.072,0.8154,-,-,0.8074
Fila: 7

Similitudes Euclidea 2.16203207311311,1.772524240612045,1.9505373413498137,1.7190463565078968,1.9346154633137753,2.0886380579827444,2.078311218928498,2.1436719991640514,2.365535677177582

Vecinos seleccionados (número de fila): 9, 0

Prediccion: 0.7414848186655452

Vecinos seleccionados (número de fila): 9, 0

Prediccion: 0.7349642472435899

Vecinos seleccionados (número de fila): 9, 0

Prediccion: 0.152617171997051

Vecinos seleccionados (número de fila): 9, 0

Prediccion: 0.5683312724266361

Vecinos seleccionados (número de fila): 9, 0

Prediccion: 0.2151589796369556


Opciones del usuario: 
Metrica: 3
Numero de vecinos: 2
Nombre fichero: ficheros-pruebas/utility-matrix-10-25-1.txt
Prediccion: false

Matriz resultado normalizada 
0.1634 0.9224 0.8976000000000001 0.26280000000000003 0.592 0.8958 0.006 0.873 0.6961999999999999 0.2604 0.2166 0.4918536531789459 0.06899999999999999 0.6799999999999999 0.8496 0.5504 0.6559999999999999 0.06620000000000001 0.9576287490597152 0.8384 0.47743705809546255 0.055200000000000006 0.3142 0.065 0.265 
0.6616 0.9433999999999999 0.23879999999999998 0.2042 0.7041609015691793 0.8804000000000001 0.2992 0.6624 0.6174000000000001 0.5307999999999999 0.6966 0.9492 0.5591999999999999 0.0502 0.5414 0.4528 0.4868 0.6516 0.08399999999999999 0.6662 0.6355999999999999 0.2906961201475786 0.7932 0.25139999999999996 0.5688 
0.36419999999999997 0.254 0.7196 0.6296 0.8503999999999999 0.8784000000000001 0.8802 0.11259999999999999 0.1152 0.9812 0.4854 0.6224000000000001 0.6414 0.4704 0.4338 0.489 0.9708 0.1774 0.4136 0.6298 0.9146000000000001 0.1224 0.624968211972769 0.2448 0.9558 
0.4739333774723453 0.8876 0.759 0.6364 0.8455999999999999 0.398 0.8032 0.9570000000000001 0.3452 0.9692000000000001 0.853 0.057199999999999994 0.0054 0.23679999999999998 0.493 0.8997999999999999 0.27999999999999997 0.152 0.0832 0.4032 0.5858 0.7716000000000001 0.301 0.2676 0.094 
0.149 0.674 0.6322 0.4452 0.0186 0.5352 0.31120000000000003 0.5384 0.8224 0.975261958817872 0.13540000000000002 0.3332 0.5444 0.351 0.3826 0.6357999999999999 0.0964 0.618 0.8964000000000001 0.9810000000000001 0.2204 0.622 0.46465682993988633 0.4976 0.6862 
0.20579999999999998 0.791 0.6759999999999999 0.6224000000000001 0.38180000000000003 0.1722 0.065 0.0878 0.7924 0.29359999999999997 0.645 0.31520000000000004 0.7809683399494732 0.9276 0.422 0.35363070752751646 0.4572 0.5644 0.199 0.8106 0.398 0.0528 0.9390000000000001 0.1246 0.0186 
0.6764 0.9414 0.7966 0.6332003469978655 0.5678 0.7769999999999999 0.014199999999999999 0.6056 0.2369764425748601 0.11040000000000001 0.8288 0.881 0.5892000000000001 0.7844 0.9982 0.5688 0.39039999999999997 0.5402 0.991 0.7104 0.7405126333973306 0.30779999999999996 0.5468 0.2568717516987253 0.6115999999999999 
0.194 0.8672000000000001 0.7414848186655452 0.893 0.7372 0.3648 0.44139999999999996 0.2472 0.389 0.954 0.2506 0.8774 0.1038 0.7349642472435899 0.945 0.8795999999999999 0.44960000000000006 0.152617171997051 0.0106 0.08399999999999999 0.072 0.8154 0.5683312724266361 0.2151589796369556 0.8074 
0.2884 0.0114 0.2752 0.5025999999999999 0.8474 0.7206 0.46900000000000003 0.6812 0.3452 0.9488 0.6554 0.8992000000000001 0.9206 0.3674 0.519 0.2182 0.8433999999999999 0.309 0.9798 0.26280000000000003 0.0454 0.0268 0.9321999999999999 0.5780000000000001 0.3922 
0.7354 0.236 0.5988 0.5186 0.8068 0.42380000000000007 0.8358000000000001 0.0998 0.8082 0.7647999999999999 0.8558 0.0908 0.7212 0.7852 0.4862 0.2924 0.21139999999999998 0.23159999999999997 0.9358000000000001 0.5294 0.9028 0.5062 0.8006 0.3524 0.0668 

Matriz desnormalizada 
0.817 4.612 4.488 1.314 2.96 4.479 0.03 4.365 3.481 1.302 1.083 2.459 0.345 3.4 4.248 2.752 3.28 0.331 4.788 4.192 2.387 0.276 1.571 0.325 1.325 
3.308 4.717 1.194 1.021 3.521 4.402 1.496 3.312 3.087 2.654 3.483 4.746 2.796 0.251 2.707 2.264 2.434 3.258 0.42 3.331 3.178 1.453 3.966 1.257 2.844 
1.821 1.27 3.598 3.148 4.252 4.392 4.401 0.563 0.576 4.906 2.427 3.112 3.207 2.352 2.169 2.445 4.854 0.887 2.068 3.149 4.573 0.612 3.125 1.224 4.779 
2.37 4.438 3.795 3.182 4.228 1.99 4.016 4.785 1.726 4.846 4.265 0.286 0.027 1.184 2.465 4.499 1.4 0.76 0.416 2.016 2.929 3.858 1.505 1.338 0.47 
0.745 3.37 3.161 2.226 0.093 2.676 1.556 2.692 4.112 4.876 0.677 1.666 2.722 1.755 1.913 3.179 0.482 3.09 4.482 4.905 1.102 3.11 2.323 2.488 3.431 
1.029 3.955 3.38 3.112 1.909 0.861 0.325 0.439 3.962 1.468 3.225 1.576 3.905 4.638 2.11 1.768 2.286 2.822 0.995 4.053 1.99 0.264 4.695 0.623 0.093 
3.382 4.707 3.983 3.166 2.839 3.885 0.071 3.028 1.185 0.552 4.144 4.405 2.946 3.922 4.991 2.844 1.952 2.701 4.955 3.552 3.703 1.539 2.734 1.284 3.058 
0.97 4.336 3.707 4.465 3.686 1.824 2.207 1.236 1.945 4.77 1.253 4.387 0.519 3.675 4.725 4.398 2.248 0.763 0.053 0.42 0.36 4.077 2.842 1.076 4.037 
1.442 0.057 1.376 2.513 4.237 3.603 2.345 3.406 1.726 4.744 3.277 4.496 4.603 1.837 2.595 1.091 4.217 1.545 4.899 1.314 0.227 0.134 4.661 2.89 1.961 
3.677 1.18 2.994 2.593 4.034 2.119 4.179 0.499 4.041 3.824 4.279 0.454 3.606 3.926 2.431 1.462 1.057 1.158 4.679 2.647 4.514 2.531 4.003 1.762 0.334 

