Valor minimo: 0
Valor maximo: 5
Matriz sin normalizar 
0.817 4.612 4.488 1.314 2.96 4.479 0.03 4.365 3.481 1.302 1.083 - 0.345 3.4 4.248 2.752 3.28 0.331 - 4.192 - 0.276 1.571 0.325 1.325 
3.308 4.717 1.194 1.021 - 4.402 1.496 3.312 3.087 2.654 3.483 4.746 2.796 0.251 2.707 2.264 2.434 3.258 0.42 3.331 3.178 - 3.966 1.257 2.844 
1.821 1.27 3.598 3.148 4.252 4.392 4.401 0.563 0.576 4.906 2.427 3.112 3.207 2.352 2.169 2.445 4.854 0.887 2.068 3.149 4.573 0.612 - 1.224 4.779 
- 4.438 3.795 3.182 4.228 1.99 4.016 4.785 - 4.846 4.265 0.286 0.027 1.184 2.465 4.499 1.4 0.76 0.416 2.016 2.929 3.858 1.505 1.338 0.47 
0.745 3.37 3.161 2.226 0.093 2.676 1.556 2.692 4.112 - 0.677 1.666 2.722 1.755 1.913 3.179 0.482 3.09 4.482 4.905 1.102 3.11 - 2.488 3.431 
1.029 3.955 3.38 3.112 1.909 0.861 0.325 0.439 3.962 1.468 3.225 1.576 - 4.638 2.11 - 2.286 2.822 0.995 4.053 1.99 0.264 4.695 0.623 0.093 
3.382 4.707 3.983 - 2.839 3.885 0.071 3.028 - 0.552 4.144 4.405 2.946 3.922 4.991 2.844 1.952 2.701 4.955 3.552 - 1.539 2.734 - 3.058 
0.97 4.336 - 4.465 3.686 1.824 2.207 1.236 1.945 4.77 1.253 4.387 0.519 - 4.725 4.398 2.248 - 0.053 0.42 0.36 4.077 - - 4.037 
1.442 0.057 1.376 2.513 4.237 3.603 2.345 3.406 1.726 4.744 3.277 4.496 4.603 1.837 2.595 1.091 4.217 1.545 4.899 1.314 0.227 0.134 4.661 2.89 1.961 
3.677 1.18 2.994 2.593 4.034 2.119 4.179 0.499 4.041 3.824 4.279 0.454 3.606 3.926 2.431 1.462 1.057 1.158 4.679 2.647 4.514 2.531 4.003 1.762 0.334 

Matriz normalizada 
0.1634 0.9224 0.8976000000000001 0.26280000000000003 0.592 0.8958 0.006 0.873 0.6961999999999999 0.2604 0.2166 - 0.06899999999999999 0.6799999999999999 0.8496 0.5504 0.6559999999999999 0.06620000000000001 - 0.8384 - 0.055200000000000006 0.3142 0.065 0.265 
0.6616 0.9433999999999999 0.23879999999999998 0.2042 - 0.8804000000000001 0.2992 0.6624 0.6174000000000001 0.5307999999999999 0.6966 0.9492 0.5591999999999999 0.0502 0.5414 0.4528 0.4868 0.6516 0.08399999999999999 0.6662 0.6355999999999999 - 0.7932 0.25139999999999996 0.5688 
0.36419999999999997 0.254 0.7196 0.6296 0.8503999999999999 0.8784000000000001 0.8802 0.11259999999999999 0.1152 0.9812 0.4854 0.6224000000000001 0.6414 0.4704 0.4338 0.489 0.9708 0.1774 0.4136 0.6298 0.9146000000000001 0.1224 - 0.2448 0.9558 
- 0.8876 0.759 0.6364 0.8455999999999999 0.398 0.8032 0.9570000000000001 - 0.9692000000000001 0.853 0.057199999999999994 0.0054 0.23679999999999998 0.493 0.8997999999999999 0.27999999999999997 0.152 0.0832 0.4032 0.5858 0.7716000000000001 0.301 0.2676 0.094 
0.149 0.674 0.6322 0.4452 0.0186 0.5352 0.31120000000000003 0.5384 0.8224 - 0.13540000000000002 0.3332 0.5444 0.351 0.3826 0.6357999999999999 0.0964 0.618 0.8964000000000001 0.9810000000000001 0.2204 0.622 - 0.4976 0.6862 
0.20579999999999998 0.791 0.6759999999999999 0.6224000000000001 0.38180000000000003 0.1722 0.065 0.0878 0.7924 0.29359999999999997 0.645 0.31520000000000004 - 0.9276 0.422 - 0.4572 0.5644 0.199 0.8106 0.398 0.0528 0.9390000000000001 0.1246 0.0186 
0.6764 0.9414 0.7966 - 0.5678 0.7769999999999999 0.014199999999999999 0.6056 - 0.11040000000000001 0.8288 0.881 0.5892000000000001 0.7844 0.9982 0.5688 0.39039999999999997 0.5402 0.991 0.7104 - 0.30779999999999996 0.5468 - 0.6115999999999999 
0.194 0.8672000000000001 - 0.893 0.7372 0.3648 0.44139999999999996 0.2472 0.389 0.954 0.2506 0.8774 0.1038 - 0.945 0.8795999999999999 0.44960000000000006 - 0.0106 0.08399999999999999 0.072 0.8154 - - 0.8074 
0.2884 0.0114 0.2752 0.5025999999999999 0.8474 0.7206 0.46900000000000003 0.6812 0.3452 0.9488 0.6554 0.8992000000000001 0.9206 0.3674 0.519 0.2182 0.8433999999999999 0.309 0.9798 0.26280000000000003 0.0454 0.0268 0.9321999999999999 0.5780000000000001 0.3922 
0.7354 0.236 0.5988 0.5186 0.8068 0.42380000000000007 0.8358000000000001 0.0998 0.8082 0.7647999999999999 0.8558 0.0908 0.7212 0.7852 0.4862 0.2924 0.21139999999999998 0.23159999999999997 0.9358000000000001 0.5294 0.9028 0.5062 0.8006 0.3524 0.0668 

Similitudes Pearson 0.21346867965251634,0.013251127091144222,0.21627239049467792,0.22252632773119047,0.36910551993159035,0.607983113735571,0.005944634361925936,-0.11799250901446043,-0.2325027425194472

Vecinos seleccionados (número de fila): 6, 5

Prediccion: 0.6672630922299382

Vecinos seleccionados (número de fila): 6, 5

Prediccion: 0.6918136603854914

Prediccion: 0.3980000000000001

Vecinos seleccionados (número de fila): 5

Fila principal a comparar: 0.6616,0.9433999999999999,0.23879999999999998,0.2042,-,0.8804000000000001,0.2992,0.6624,0.6174000000000001,0.5307999999999999,0.6966,0.9492,0.5591999999999999,0.0502,0.5414,0.4528,0.4868,0.6516,0.08399999999999999,0.6662,0.6355999999999999,-,0.7932,0.25139999999999996,0.5688
Fila: 1

Similitudes Pearson 0.16308355228929924,-0.044281566420165536,0.05494318353570057,-0.059983486089282424,0.04900744575966736,0.13169025756813973,0.09290728942201185,-0.01825594791079759,-0.3375526719356209

Vecinos seleccionados (número de fila): 0, 6

Prediccion: 0.5811886452372066

Vecinos seleccionados (número de fila): 0, 6

Prediccion: 0.16804909971411633

Fila principal a comparar: 0.36419999999999997,0.254,0.7196,0.6296,0.8503999999999999,0.8784000000000001,0.8802,0.11259999999999999,0.1152,0.9812,0.4854,0.6224000000000001,0.6414,0.4704,0.4338,0.489,0.9708,0.1774,0.4136,0.6298,0.9146000000000001,0.1224,-,0.2448,0.9558
Fila: 2

Similitudes Pearson -0.00791439429193234,0.06128065952426312,-0.048658675793186695,-0.37115300182566485,-0.13984536458580377,-0.3359996226419705,0.05445968516850097,0.3306671885500504,0.14406997159342666

Vecinos seleccionados (número de fila): 8, 9

Prediccion: 0.8922629361814337

Fila principal a comparar: -,0.8876,0.759,0.6364,0.8455999999999999,0.398,0.8032,0.9570000000000001,-,0.9692000000000001,0.853,0.057199999999999994,0.0054,0.23679999999999998,0.493,0.8997999999999999,0.27999999999999997,0.152,0.0832,0.4032,0.5858,0.7716000000000001,0.301,0.2676,0.094
Fila: 3

Vecinos seleccionados (número de fila): 7, 9

Prediccion: 0.36377296471781395

Vecinos seleccionados (número de fila): 7, 9

Prediccion: 0.5204533188210336

Fila principal a comparar: 0.149,0.674,0.6322,0.4452,0.0186,0.5352,0.31120000000000003,0.5384,0.8224,-,0.13540000000000002,0.3332,0.5444,0.351,0.3826,0.6357999999999999,0.0964,0.618,0.8964000000000001,0.9810000000000001,0.2204,0.622,-,0.4976,0.6862
Fila: 4

Similitudes Pearson 0.10957988233981258,0.00929800751886312,-0.07787690648391737,-0.20404333822865825,-0.03042048972614635,-0.30371549200896114,0.29306506264284654,-0.3057378381385192,0.13388295203632863

Similitudes Pearson 0.2415597726725616,-0.10312459076440969,-0.37115300182566485,-0.15678021060207997,0.1259797824907368,0.21856975538553083,-0.09154656260071428,-0.24300171141295202,-0.17363505539446722

Vecinos seleccionados (número de fila): 0, 6

Prediccion: 0.1891473172039279

Vecinos seleccionados (número de fila): 0, 6

Prediccion: 0.42468916012244246

Fila principal a comparar: 0.20579999999999998,0.791,0.6759999999999999,0.6224000000000001,0.38180000000000003,0.1722,0.065,0.0878,0.7924,0.29359999999999997,0.645,0.31520000000000004,-,0.9276,0.422,-,0.4572,0.5644,0.199,0.8106,0.398,0.0528,0.9390000000000001,0.1246,0.0186
Fila: 5

Similitudes Pearson 0.3218644125956452,0.12638366906342036,-0.041609984888564516,-0.010325303799195176,0.1221255722612817,0.34013143430933745,-0.03319168489117499,-0.1457028946875546,0.2483618180877703

Vecinos seleccionados (número de fila): 6, 0

Prediccion: 0.33627716337639396

Prediccion: 0.5598538635258086

Fila principal a comparar: 0.6764,0.9414,0.7966,-,0.5678,0.7769999999999999,0.014199999999999999,0.6056,-,0.11040000000000001,0.8288,0.881,0.5892000000000001,0.7844,0.9982,0.5688,0.39039999999999997,0.5402,0.991,0.7104,-,0.30779999999999996,0.5468,-,0.6115999999999999
Fila: 6

Vecinos seleccionados (número de fila): 6, 0

Similitudes Pearson 0.6205460313920593,0.21181696418968413,-0.342764496472436,-0.3059133613365814,0.30230135529945096,0.3335482926446272,-0.14474633078421711,-0.04944391342108429,-0.1158465888938741

Vecinos seleccionados (número de fila): 0, 5

Prediccion: 0.3885149979967766

Vecinos seleccionados (número de fila): 0, 5

Prediccion: 0.729831209141518

Vecinos seleccionados (número de fila): 0, 5

Prediccion: 0.398

Vecinos seleccionados (número de fila): 0, 5

Prediccion: 0.08583596740992182

Fila principal a comparar: 0.194,0.8672000000000001,-,0.893,0.7372,0.3648,0.44139999999999996,0.2472,0.389,0.954,0.2506,0.8774,0.1038,-,0.945,0.8795999999999999,0.44960000000000006,-,0.0106,0.08399999999999999,0.072,0.8154,-,-,0.8074
Fila: 7

Similitudes Pearson 0.003216542686820218,0.0031955874150465173,0.054459685168500964,0.31350774268618165,-0.1536758153697866,0.01934481432411849,-0.1280448958738298,-0.09019042193846932,-0.448168128405214

Vecinos seleccionados (número de fila): 3, 2

Prediccion: 0.7531687458366931

Vecinos seleccionados (número de fila): 3, 2

Prediccion: 0.27137312113067213

Vecinos seleccionados (número de fila): 3, 2

Prediccion: 0.15575923491746177

Vecinos seleccionados (número de fila): 3, 2

Prediccion: 0.38850772736591443

Vecinos seleccionados (número de fila): 3, 2

Prediccion: 0.2642255686567666


Opciones del usuario: 
Metrica: 1
Numero de vecinos: 2
Nombre fichero: ficheros-pruebas/utility-matrix-10-25-1.txt
Prediccion: false

Matriz resultado normalizada 
0.1634 0.9224 0.8976000000000001 0.26280000000000003 0.592 0.8958 0.006 0.873 0.6961999999999999 0.2604 0.2166 0.6672630922299382 0.06899999999999999 0.6799999999999999 0.8496 0.5504 0.6559999999999999 0.06620000000000001 0.6918136603854914 0.8384 0.3980000000000001 0.055200000000000006 0.3142 0.065 0.265 
0.6616 0.9433999999999999 0.23879999999999998 0.2042 0.5811886452372066 0.8804000000000001 0.2992 0.6624 0.6174000000000001 0.5307999999999999 0.6966 0.9492 0.5591999999999999 0.0502 0.5414 0.4528 0.4868 0.6516 0.08399999999999999 0.6662 0.6355999999999999 0.16804909971411633 0.7932 0.25139999999999996 0.5688 
0.36419999999999997 0.254 0.7196 0.6296 0.8503999999999999 0.8784000000000001 0.8802 0.11259999999999999 0.1152 0.9812 0.4854 0.6224000000000001 0.6414 0.4704 0.4338 0.489 0.9708 0.1774 0.4136 0.6298 0.9146000000000001 0.1224 0.8922629361814337 0.2448 0.9558 
0.36377296471781395 0.8876 0.759 0.6364 0.8455999999999999 0.398 0.8032 0.9570000000000001 0.5204533188210336 0.9692000000000001 0.853 0.057199999999999994 0.0054 0.23679999999999998 0.493 0.8997999999999999 0.27999999999999997 0.152 0.0832 0.4032 0.5858 0.7716000000000001 0.301 0.2676 0.094 
0.149 0.674 0.6322 0.4452 0.0186 0.5352 0.31120000000000003 0.5384 0.8224 0.1891473172039279 0.13540000000000002 0.3332 0.5444 0.351 0.3826 0.6357999999999999 0.0964 0.618 0.8964000000000001 0.9810000000000001 0.2204 0.622 0.42468916012244246 0.4976 0.6862 
0.20579999999999998 0.791 0.6759999999999999 0.6224000000000001 0.38180000000000003 0.1722 0.065 0.0878 0.7924 0.29359999999999997 0.645 0.31520000000000004 0.33627716337639396 0.9276 0.422 0.5598538635258086 0.4572 0.5644 0.199 0.8106 0.398 0.0528 0.9390000000000001 0.1246 0.0186 
0.6764 0.9414 0.7966 0.3885149979967766 0.5678 0.7769999999999999 0.014199999999999999 0.6056 0.729831209141518 0.11040000000000001 0.8288 0.881 0.5892000000000001 0.7844 0.9982 0.5688 0.39039999999999997 0.5402 0.991 0.7104 0.398 0.30779999999999996 0.5468 0.08583596740992182 0.6115999999999999 
0.194 0.8672000000000001 0.7531687458366931 0.893 0.7372 0.3648 0.44139999999999996 0.2472 0.389 0.954 0.2506 0.8774 0.1038 0.27137312113067213 0.945 0.8795999999999999 0.44960000000000006 0.15575923491746177 0.0106 0.08399999999999999 0.072 0.8154 0.38850772736591443 0.2642255686567666 0.8074 
0.2884 0.0114 0.2752 0.5025999999999999 0.8474 0.7206 0.46900000000000003 0.6812 0.3452 0.9488 0.6554 0.8992000000000001 0.9206 0.3674 0.519 0.2182 0.8433999999999999 0.309 0.9798 0.26280000000000003 0.0454 0.0268 0.9321999999999999 0.5780000000000001 0.3922 
0.7354 0.236 0.5988 0.5186 0.8068 0.42380000000000007 0.8358000000000001 0.0998 0.8082 0.7647999999999999 0.8558 0.0908 0.7212 0.7852 0.4862 0.2924 0.21139999999999998 0.23159999999999997 0.9358000000000001 0.5294 0.9028 0.5062 0.8006 0.3524 0.0668 

Matriz desnormalizada 
0.817 4.612 4.488 1.314 2.96 4.479 0.03 4.365 3.481 1.302 1.083 3.336 0.345 3.4 4.248 2.752 3.28 0.331 3.459 4.192 1.99 0.276 1.571 0.325 1.325 
3.308 4.717 1.194 1.021 2.906 4.402 1.496 3.312 3.087 2.654 3.483 4.746 2.796 0.251 2.707 2.264 2.434 3.258 0.42 3.331 3.178 0.84 3.966 1.257 2.844 
1.821 1.27 3.598 3.148 4.252 4.392 4.401 0.563 0.576 4.906 2.427 3.112 3.207 2.352 2.169 2.445 4.854 0.887 2.068 3.149 4.573 0.612 4.461 1.224 4.779 
1.819 4.438 3.795 3.182 4.228 1.99 4.016 4.785 2.602 4.846 4.265 0.286 0.027 1.184 2.465 4.499 1.4 0.76 0.416 2.016 2.929 3.858 1.505 1.338 0.47 
0.745 3.37 3.161 2.226 0.093 2.676 1.556 2.692 4.112 0.946 0.677 1.666 2.722 1.755 1.913 3.179 0.482 3.09 4.482 4.905 1.102 3.11 2.123 2.488 3.431 
1.029 3.955 3.38 3.112 1.909 0.861 0.325 0.439 3.962 1.468 3.225 1.576 1.681 4.638 2.11 2.799 2.286 2.822 0.995 4.053 1.99 0.264 4.695 0.623 0.093 
3.382 4.707 3.983 1.943 2.839 3.885 0.071 3.028 3.649 0.552 4.144 4.405 2.946 3.922 4.991 2.844 1.952 2.701 4.955 3.552 1.99 1.539 2.734 0.429 3.058 
0.97 4.336 3.766 4.465 3.686 1.824 2.207 1.236 1.945 4.77 1.253 4.387 0.519 1.357 4.725 4.398 2.248 0.779 0.053 0.42 0.36 4.077 1.943 1.321 4.037 
1.442 0.057 1.376 2.513 4.237 3.603 2.345 3.406 1.726 4.744 3.277 4.496 4.603 1.837 2.595 1.091 4.217 1.545 4.899 1.314 0.227 0.134 4.661 2.89 1.961 
3.677 1.18 2.994 2.593 4.034 2.119 4.179 0.499 4.041 3.824 4.279 0.454 3.606 3.926 2.431 1.462 1.057 1.158 4.679 2.647 4.514 2.531 4.003 1.762 0.334 

Fila principal a comparar: 0.1634,0.9224,0.8976000000000001,0.26280000000000003,0.592,0.8958,0.006,0.873,0.6961999999999999,0.2604,0.2166,-,0.06899999999999999,0.6799999999999999,0.8496,0.5504,0.6559999999999999,0.06620000000000001,-,0.8384,-,0.055200000000000006,0.3142,0.065,0.265
Fila: 0

