Metrica: 1
Numero de vecinos: 2
Nombre fichero: ficheros-pruebas/utility-matrix-5-10-1.txt
Prediccion: false

0.6284 0.5296000000000001 0.3298 -0.30219999999999997 0.2232 0.1766 0.0846 0.7952 0.3599466055487201 0.6285999999999999 
0.6824 0.0628 0.7592 0.8465999999999999 0.43179999999999996 0.9026 0.4784 0.1736 0.4946 -0.0874 
0.8816 0.899 0.4104 -0.289949758706629 0.010199999999999999 0.07693701998613413 0.671 0.7478 0.817 0.5666566895052708 
0.3462 0.8654983280947885 0.26499067541896 0.30219999999999997 0.9732 0.4434 0.6006 0.5801999999999999 0.4226 0.22264159186042978 
0.11100000000000002 0.9773999999999999 0.2434 0.16060000000000002 0.7598 0.9753999999999999 0.5662 0.1982 0.8986000000000001 0.0874 


Opciones del usuario: 
Metrica: 1
Numero de vecinos: 2
Nombre fichero: ficheros-pruebas/utility-matrix-5-10-1.txt
Prediccion: false

Matriz inicial 
0.6284 0.5296000000000001 0.3298 -0.30219999999999997 0.2232 0.1766 0.0846 0.7952 0.3599466055487201 0.6285999999999999 
0.6824 0.0628 0.7592 0.8465999999999999 0.43179999999999996 0.9026 0.4784 0.1736 0.4946 -0.0874 
0.8816 0.899 0.4104 -0.289949758706629 0.010199999999999999 0.07693701998613413 0.671 0.7478 0.817 0.5666566895052708 
0.3462 0.8654983280947885 0.26499067541896 0.30219999999999997 0.9732 0.4434 0.6006 0.5801999999999999 0.4226 0.22264159186042978 
0.11100000000000002 0.9773999999999999 0.2434 0.16060000000000002 0.7598 0.9753999999999999 0.5662 0.1982 0.8986000000000001 0.0874 

