Valor maximo: 5
Valor minimo: 0
Matriz sin normalizar 
0.817 4.612 4.488 1.314 2.96 4.479 0.03 4.365 3.481 1.302 1.083 - 0.345 3.4 4.248 2.752 3.28 0.331 - 4.192 - 0.276 1.571 0.325 1.325 
3.308 4.717 1.194 1.021 - 4.402 1.496 3.312 3.087 2.654 3.483 4.746 2.796 0.251 2.707 2.264 2.434 3.258 0.42 3.331 3.178 - 3.966 1.257 2.844 
1.821 1.27 3.598 3.148 4.252 4.392 4.401 0.563 0.576 4.906 2.427 3.112 3.207 2.352 2.169 2.445 4.854 0.887 2.068 3.149 4.573 0.612 - 1.224 4.779 
- 4.438 3.795 3.182 4.228 1.99 4.016 4.785 - 4.846 4.265 0.286 0.027 1.184 2.465 4.499 1.4 0.76 0.416 2.016 2.929 3.858 1.505 1.338 0.47 
0.745 3.37 3.161 2.226 0.093 2.676 1.556 2.692 4.112 - 0.677 1.666 2.722 1.755 1.913 3.179 0.482 3.09 4.482 4.905 1.102 3.11 - 2.488 3.431 
1.029 3.955 3.38 3.112 1.909 0.861 0.325 0.439 3.962 1.468 3.225 1.576 - 4.638 2.11 - 2.286 2.822 0.995 4.053 1.99 0.264 4.695 0.623 0.093 
3.382 4.707 3.983 - 2.839 3.885 0.071 3.028 - 0.552 4.144 4.405 2.946 3.922 4.991 2.844 1.952 2.701 4.955 3.552 - 1.539 2.734 - 3.058 
0.97 4.336 - 4.465 3.686 1.824 2.207 1.236 1.945 4.77 1.253 4.387 0.519 - 4.725 4.398 2.248 - 0.053 0.42 0.36 4.077 - - 4.037 
1.442 0.057 1.376 2.513 4.237 3.603 2.345 3.406 1.726 4.744 3.277 4.496 4.603 1.837 2.595 1.091 4.217 1.545 4.899 1.314 0.227 0.134 4.661 2.89 1.961 
3.677 1.18 2.994 2.593 4.034 2.119 4.179 0.499 4.041 3.824 4.279 0.454 3.606 3.926 2.431 1.462 1.057 1.158 4.679 2.647 4.514 2.531 4.003 1.762 0.334 

Matriz normalizada 
0.1634 0.9224 0.8976000000000001 0.26280000000000003 0.592 0.8958 0.006 0.873 0.6961999999999999 0.2604 0.2166 - 0.06899999999999999 0.6799999999999999 0.8496 0.5504 0.6559999999999999 0.06620000000000001 - 0.8384 - 0.055200000000000006 0.3142 0.065 0.265 
0.6616 0.9433999999999999 0.23879999999999998 0.2042 - 0.8804000000000001 0.2992 0.6624 0.6174000000000001 0.5307999999999999 0.6966 0.9492 0.5591999999999999 0.0502 0.5414 0.4528 0.4868 0.6516 0.08399999999999999 0.6662 0.6355999999999999 - 0.7932 0.25139999999999996 0.5688 
0.36419999999999997 0.254 0.7196 0.6296 0.8503999999999999 0.8784000000000001 0.8802 0.11259999999999999 0.1152 0.9812 0.4854 0.6224000000000001 0.6414 0.4704 0.4338 0.489 0.9708 0.1774 0.4136 0.6298 0.9146000000000001 0.1224 - 0.2448 0.9558 
- 0.8876 0.759 0.6364 0.8455999999999999 0.398 0.8032 0.9570000000000001 - 0.9692000000000001 0.853 0.057199999999999994 0.0054 0.23679999999999998 0.493 0.8997999999999999 0.27999999999999997 0.152 0.0832 0.4032 0.5858 0.7716000000000001 0.301 0.2676 0.094 
0.149 0.674 0.6322 0.4452 0.0186 0.5352 0.31120000000000003 0.5384 0.8224 - 0.13540000000000002 0.3332 0.5444 0.351 0.3826 0.6357999999999999 0.0964 0.618 0.8964000000000001 0.9810000000000001 0.2204 0.622 - 0.4976 0.6862 
0.20579999999999998 0.791 0.6759999999999999 0.6224000000000001 0.38180000000000003 0.1722 0.065 0.0878 0.7924 0.29359999999999997 0.645 0.31520000000000004 - 0.9276 0.422 - 0.4572 0.5644 0.199 0.8106 0.398 0.0528 0.9390000000000001 0.1246 0.0186 
0.6764 0.9414 0.7966 - 0.5678 0.7769999999999999 0.014199999999999999 0.6056 - 0.11040000000000001 0.8288 0.881 0.5892000000000001 0.7844 0.9982 0.5688 0.39039999999999997 0.5402 0.991 0.7104 - 0.30779999999999996 0.5468 - 0.6115999999999999 
0.194 0.8672000000000001 - 0.893 0.7372 0.3648 0.44139999999999996 0.2472 0.389 0.954 0.2506 0.8774 0.1038 - 0.945 0.8795999999999999 0.44960000000000006 - 0.0106 0.08399999999999999 0.072 0.8154 - - 0.8074 
0.2884 0.0114 0.2752 0.5025999999999999 0.8474 0.7206 0.46900000000000003 0.6812 0.3452 0.9488 0.6554 0.8992000000000001 0.9206 0.3674 0.519 0.2182 0.8433999999999999 0.309 0.9798 0.26280000000000003 0.0454 0.0268 0.9321999999999999 0.5780000000000001 0.3922 
0.7354 0.236 0.5988 0.5186 0.8068 0.42380000000000007 0.8358000000000001 0.0998 0.8082 0.7647999999999999 0.8558 0.0908 0.7212 0.7852 0.4862 0.2924 0.21139999999999998 0.23159999999999997 0.9358000000000001 0.5294 0.9028 0.5062 0.8006 0.3524 0.0668 

Fila principal a comparar: 0.1634,0.9224,0.8976000000000001,0.26280000000000003,0.592,0.8958,0.006,0.873,0.6961999999999999,0.2604,0.2166,-,0.06899999999999999,0.6799999999999999,0.8496,0.5504,0.6559999999999999,0.06620000000000001,-,0.8384,-,0.055200000000000006,0.3142,0.065,0.265
Fila: 0

Similitudes Coseno 0.8060091112106269,0.7211047933179697,0.7709101060761161,0.7885056973328304,0.7998366182557645,0.8933029579156538,0.7268841357796315,0.6833471255581138,0.6799413089158559

Vecinos seleccionados (número de fila): 6, 1

Prediccion: 0.9133482792732874

Vecinos seleccionados (número de fila): 6, 1

Prediccion: 0.5607963445619993

Prediccion: 0.6355999999999999

Vecinos seleccionados (número de fila): 1

Fila principal a comparar: 0.6616,0.9433999999999999,0.23879999999999998,0.2042,-,0.8804000000000001,0.2992,0.6624,0.6174000000000001,0.5307999999999999,0.6966,0.9492,0.5591999999999999,0.0502,0.5414,0.4528,0.4868,0.6516,0.08399999999999999,0.6662,0.6355999999999999,-,0.7932,0.25139999999999996,0.5688
Fila: 1

Similitudes Coseno 0.8259763238736914,0.8034082956950173,0.7617904024310299,0.8015656944147946,0.77136912748921,0.8692907554067141,0.7861862806903716,0.7934315671028265,0.7381187410814454

Vecinos seleccionados (número de fila): 6, 0

Prediccion: 0.5795908424472137

Vecinos seleccionados (número de fila): 6, 0

Prediccion: 0.18472699164602596

Fila principal a comparar: 0.36419999999999997,0.254,0.7196,0.6296,0.8503999999999999,0.8784000000000001,0.8802,0.11259999999999999,0.1152,0.9812,0.4854,0.6224000000000001,0.6414,0.4704,0.4338,0.489,0.9708,0.1774,0.4136,0.6298,0.9146000000000001,0.1224,-,0.2448,0.9558
Fila: 2

Similitudes Coseno 0.7561082157433691,0.8128132984080767,0.7533012579354793,0.7086335129161346,0.69384887209661,0.7747487026298052,0.7666721648309371,0.8428368650027621,0.8191884525930843

Vecinos seleccionados (número de fila): 8, 9

Prediccion: 0.8673362465902791

Fila principal a comparar: -,0.8876,0.759,0.6364,0.8455999999999999,0.398,0.8032,0.9570000000000001,-,0.9692000000000001,0.853,0.057199999999999994,0.0054,0.23679999999999998,0.493,0.8997999999999999,0.27999999999999997,0.152,0.0832,0.4032,0.5858,0.7716000000000001,0.301,0.2676,0.094
Fila: 3

Similitudes Coseno 0.7356383382714956,0.761455572287183,0.7490644249494806,0.7057898203836035,0.7036190460504962,0.7052691440801778,0.8080972030429538,0.6537864568621857,0.7808686892342976

Vecinos seleccionados (número de fila): 7, 9

Prediccion: 0.46006128577471245

Vecinos seleccionados (número de fila): 7, 9

Prediccion: 0.595008295154709

Fila principal a comparar: 0.149,0.674,0.6322,0.4452,0.0186,0.5352,0.31120000000000003,0.5384,0.8224,-,0.13540000000000002,0.3332,0.5444,0.351,0.3826,0.6357999999999999,0.0964,0.618,0.8964000000000001,0.9810000000000001,0.2204,0.622,-,0.4976,0.6862
Fila: 4

Similitudes Coseno 0.784928180734062,0.776753186619278,0.7086335129161346,0.7202867363267528,0.7602582272317667,0.8638749606329965,0.7004965989757637,0.7062194220351805,0.7461544419516369

Vecinos seleccionados (número de fila): 6, 0

Prediccion: 0.18180890513617604

Vecinos seleccionados (número de fila): 6, 0

Prediccion: 0.4360685911021697

Fila principal a comparar: 0.20579999999999998,0.791,0.6759999999999999,0.6224000000000001,0.38180000000000003,0.1722,0.065,0.0878,0.7924,0.29359999999999997,0.645,0.31520000000000004,-,0.9276,0.422,-,0.4572,0.5644,0.199,0.8106,0.398,0.0528,0.9390000000000001,0.1246,0.0186
Fila: 5

Similitudes Coseno 0.7944491132235294,0.7769790812102194,0.7226972926775652,0.7207212493889599,0.7599651851066999,0.8297546402269408,0.6870768506744528,0.6799798851906034,0.802490520505947

Vecinos seleccionados (número de fila): 6, 9

Prediccion: 0.654097572530846

Vecinos seleccionados (número de fila): 6, 9

Prediccion: 0.4329084163066224

Fila principal a comparar: 0.6764,0.9414,0.7966,-,0.5678,0.7769999999999999,0.014199999999999999,0.6056,-,0.11040000000000001,0.8288,0.881,0.5892000000000001,0.7844,0.9982,0.5688,0.39039999999999997,0.5402,0.991,0.7104,-,0.30779999999999996,0.5468,-,0.6115999999999999
Fila: 6

Similitudes Coseno 0.9030578695702898,0.87437163341228,0.780740008137831,0.7148520510644268,0.8678376173170569,0.8410064687478223,0.7427865343774499,0.7986622857775639,0.7958619917190796

Vecinos seleccionados (número de fila): 0, 1

Prediccion: 0.23397287766857663

Vecinos seleccionados (número de fila): 0, 1

Prediccion: 0.6574358832812942

Vecinos seleccionados (número de fila): 0, 1

Prediccion: 0.6355999999999998

Vecinos seleccionados (número de fila): 0, 1

Prediccion: 0.15669582939551735

Fila principal a comparar: 0.194,0.8672000000000001,-,0.893,0.7372,0.3648,0.44139999999999996,0.2472,0.389,0.954,0.2506,0.8774,0.1038,-,0.945,0.8795999999999999,0.44960000000000006,-,0.0106,0.08399999999999999,0.072,0.8154,-,-,0.8074
Fila: 7

Similitudes Coseno 0.7254780096115355,0.7800896986095727,0.7666721648309371,0.8104746731675465,0.6817225202341961,0.6808638012738651,0.7209546828980209,0.6976521934719531,0.6300312505054091

Vecinos seleccionados (número de fila): 3, 1

Prediccion: 0.5038687595313724

Vecinos seleccionados (número de fila): 3, 1

Prediccion: 0.14528233473386026

Vecinos seleccionados (número de fila): 3, 1

Prediccion: 0.3970280041102005

Vecinos seleccionados (número de fila): 3, 1

Prediccion: 0.5423986861950374

Vecinos seleccionados (número de fila): 3, 1

Prediccion: 0.2596547364559943


Opciones del usuario: 
Metrica: 2
Numero de vecinos: 2
Nombre fichero: ficheros-pruebas/utility-matrix-10-25-1.txt
Prediccion: false

Matriz resultado normalizada 
0.1634 0.9224 0.8976000000000001 0.26280000000000003 0.592 0.8958 0.006 0.873 0.6961999999999999 0.2604 0.2166 0.9133482792732874 0.06899999999999999 0.6799999999999999 0.8496 0.5504 0.6559999999999999 0.06620000000000001 0.5607963445619993 0.8384 0.6355999999999999 0.055200000000000006 0.3142 0.065 0.265 
0.6616 0.9433999999999999 0.23879999999999998 0.2042 0.5795908424472137 0.8804000000000001 0.2992 0.6624 0.6174000000000001 0.5307999999999999 0.6966 0.9492 0.5591999999999999 0.0502 0.5414 0.4528 0.4868 0.6516 0.08399999999999999 0.6662 0.6355999999999999 0.18472699164602596 0.7932 0.25139999999999996 0.5688 
0.36419999999999997 0.254 0.7196 0.6296 0.8503999999999999 0.8784000000000001 0.8802 0.11259999999999999 0.1152 0.9812 0.4854 0.6224000000000001 0.6414 0.4704 0.4338 0.489 0.9708 0.1774 0.4136 0.6298 0.9146000000000001 0.1224 0.8673362465902791 0.2448 0.9558 
0.46006128577471245 0.8876 0.759 0.6364 0.8455999999999999 0.398 0.8032 0.9570000000000001 0.595008295154709 0.9692000000000001 0.853 0.057199999999999994 0.0054 0.23679999999999998 0.493 0.8997999999999999 0.27999999999999997 0.152 0.0832 0.4032 0.5858 0.7716000000000001 0.301 0.2676 0.094 
0.149 0.674 0.6322 0.4452 0.0186 0.5352 0.31120000000000003 0.5384 0.8224 0.18180890513617604 0.13540000000000002 0.3332 0.5444 0.351 0.3826 0.6357999999999999 0.0964 0.618 0.8964000000000001 0.9810000000000001 0.2204 0.622 0.4360685911021697 0.4976 0.6862 
0.20579999999999998 0.791 0.6759999999999999 0.6224000000000001 0.38180000000000003 0.1722 0.065 0.0878 0.7924 0.29359999999999997 0.645 0.31520000000000004 0.654097572530846 0.9276 0.422 0.4329084163066224 0.4572 0.5644 0.199 0.8106 0.398 0.0528 0.9390000000000001 0.1246 0.0186 
0.6764 0.9414 0.7966 0.23397287766857663 0.5678 0.7769999999999999 0.014199999999999999 0.6056 0.6574358832812942 0.11040000000000001 0.8288 0.881 0.5892000000000001 0.7844 0.9982 0.5688 0.39039999999999997 0.5402 0.991 0.7104 0.6355999999999998 0.30779999999999996 0.5468 0.15669582939551735 0.6115999999999999 
0.194 0.8672000000000001 0.5038687595313724 0.893 0.7372 0.3648 0.44139999999999996 0.2472 0.389 0.954 0.2506 0.8774 0.1038 0.14528233473386026 0.945 0.8795999999999999 0.44960000000000006 0.3970280041102005 0.0106 0.08399999999999999 0.072 0.8154 0.5423986861950374 0.2596547364559943 0.8074 
0.2884 0.0114 0.2752 0.5025999999999999 0.8474 0.7206 0.46900000000000003 0.6812 0.3452 0.9488 0.6554 0.8992000000000001 0.9206 0.3674 0.519 0.2182 0.8433999999999999 0.309 0.9798 0.26280000000000003 0.0454 0.0268 0.9321999999999999 0.5780000000000001 0.3922 
0.7354 0.236 0.5988 0.5186 0.8068 0.42380000000000007 0.8358000000000001 0.0998 0.8082 0.7647999999999999 0.8558 0.0908 0.7212 0.7852 0.4862 0.2924 0.21139999999999998 0.23159999999999997 0.9358000000000001 0.5294 0.9028 0.5062 0.8006 0.3524 0.0668 

Matriz desnormalizada 
0.817 4.612 4.488 1.314 2.96 4.479 0.03 4.365 3.481 1.302 1.083 4.567 0.345 3.4 4.248 2.752 3.28 0.331 2.804 4.192 3.178 0.276 1.571 0.325 1.325 
3.308 4.717 1.194 1.021 2.898 4.402 1.496 3.312 3.087 2.654 3.483 4.746 2.796 0.251 2.707 2.264 2.434 3.258 0.42 3.331 3.178 0.924 3.966 1.257 2.844 
1.821 1.27 3.598 3.148 4.252 4.392 4.401 0.563 0.576 4.906 2.427 3.112 3.207 2.352 2.169 2.445 4.854 0.887 2.068 3.149 4.573 0.612 4.337 1.224 4.779 
2.3 4.438 3.795 3.182 4.228 1.99 4.016 4.785 2.975 4.846 4.265 0.286 0.027 1.184 2.465 4.499 1.4 0.76 0.416 2.016 2.929 3.858 1.505 1.338 0.47 
0.745 3.37 3.161 2.226 0.093 2.676 1.556 2.692 4.112 0.909 0.677 1.666 2.722 1.755 1.913 3.179 0.482 3.09 4.482 4.905 1.102 3.11 2.18 2.488 3.431 
1.029 3.955 3.38 3.112 1.909 0.861 0.325 0.439 3.962 1.468 3.225 1.576 3.27 4.638 2.11 2.165 2.286 2.822 0.995 4.053 1.99 0.264 4.695 0.623 0.093 
3.382 4.707 3.983 1.17 2.839 3.885 0.071 3.028 3.287 0.552 4.144 4.405 2.946 3.922 4.991 2.844 1.952 2.701 4.955 3.552 3.178 1.539 2.734 0.783 3.058 
0.97 4.336 2.519 4.465 3.686 1.824 2.207 1.236 1.945 4.77 1.253 4.387 0.519 0.726 4.725 4.398 2.248 1.985 0.053 0.42 0.36 4.077 2.712 1.298 4.037 
1.442 0.057 1.376 2.513 4.237 3.603 2.345 3.406 1.726 4.744 3.277 4.496 4.603 1.837 2.595 1.091 4.217 1.545 4.899 1.314 0.227 0.134 4.661 2.89 1.961 
3.677 1.18 2.994 2.593 4.034 2.119 4.179 0.499 4.041 3.824 4.279 0.454 3.606 3.926 2.431 1.462 1.057 1.158 4.679 2.647 4.514 2.531 4.003 1.762 0.334 

